IDS;C1_Gender;C2_Age;C3_Stream;C4_Designation;C5_Institute_Type;C6_Tier;C7_Experience;C8_Industry_Work_Ex;C9_Teaching_Hrs;C10_Admin_Hrs;C11_Research_Hrs;AI1;AI2;AI3;AI4;AI5;AI6;IS1;IS2;IS3;IS4;IS5;AUT1;AUT2;AUT3;AUT4;AUT5;AUT6;LEAD1;LEAD2;LEAD3;LEAD4;LEAD5;INCENT1;INCENT2;INCENT3;INCENT4;RES1;RES2;RES3;RES4;RES5;ECO1;ECO2;ECO3;ECO4;ECO5;ECO6;FAC1;FAC2;FAC3;FAC4;FAC5;TIME1;TIME2;TIME3;TIME4;TIME5;TIME6;CLIM1;CLIM2;CLIM3;CLIM4;CLIM5;CLIM6;CLIM7;CLIM8;PSY1;PSY2;PSY3;PSY4;PSY5;MOT1;MOT2;MOT3;MOT4;MOT5
1.000000000000;2.000000000000;2.000000000000;1.000000000000;1.000000000000;4.000000000000;1.000000000000;4.000000000000;4.000000000000;1.000000000000;3.000000000000;4.000000000000;5.000000000000;4.000000000000;5.000000000000;1.000000000000;3.000000000000;1.000000000000;1.000000000000;3.000000000000;3.000000000000;3.000000000000;3.000000000000;3.000000000000;3.000000000000;3.000000000000;3.000000000000;5.000000000000;3.000000000000;3.000000000000;3.000000000000;3.000000000000;3.000000000000;5.000000000000;3.000000000000;3.000000000000;3.000000000000;3.000000000000;5.000000000000;3.000000000000;3.000000000000;3.000000000000;;5.000000000000;3.000000000000;;5.000000000000;5.000000000000;5.000000000000;1.000000000000;3.000000000000;3.000000000000;3.000000000000;5.000000000000;3.000000000000;3.000000000000;1.000000000000;3.000000000000;3.000000000000;3.000000000000;3.000000000000;3.000000000000;3.000000000000;5.000000000000;5.000000000000;3.000000000000;3.000000000000;3.000000000000;3.000000000000;3.000000000000;3.000000000000;3.000000000000;3.000000000000;5.000000000000;5.000000000000;5.000000000000;5.000000000000;5.000000000000
2.000000000000;2.000000000000;2.000000000000;10.000000000000;7.000000000000;3.000000000000;1.000000000000;3.000000000000;3.000000000000;1.000000000000;2.000000000000;6.000000000000;2.000000000000;5.000000000000;1.000000000000;3.000000000000;3.000000000000;5.000000000000;5.000000000000;5.000000000000;5.000000000000;5.000000000000;5.000000000000;3.000000000000;4.000000000000;3.000000000000;4.000000000000;5.000000000000;3.000000000000;5.000000000000;5.000000000000;5.000000000000;5.000000000000;5.000000000000;3.000000000000;5.000000000000;4.000000000000;4.000000000000;3.000000000000;5.000000000000;4.000000000000;5.000000000000;5.000000000000;5.000000000000;5.000000000000;5.000000000000;5.000000000000;5.000000000000;5.000000000000;4.000000000000;4.000000000000;4.000000000000;3.000000000000;4.000000000000;5.000000000000;5.000000000000;5.000000000000;5.000000000000;5.000000000000;5.000000000000;5.000000000000;5.000000000000;5.000000000000;5.000000000000;5.000000000000;5.000000000000;3.000000000000;5.000000000000;4.000000000000;5.000000000000;4.000000000000;4.000000000000;5.000000000000;4.000000000000;4.000000000000;5.000000000000;5.000000000000;3.000000000000
3.000000000000;2.000000000000;5.000000000000;2.000000000000;8.000000000000;4.000000000000;2.000000000000;6.000000000000;4.000000000000;3.000000000000;4.000000000000;3.000000000000;5.000000000000;5.000000000000;5.000000000000;5.000000000000;4.000000000000;5.000000000000;5.000000000000;4.000000000000;3.000000000000;5.000000000000;5.000000000000;4.000000000000;5.000000000000;5.000000000000;5.000000000000;5.000000000000;5.000000000000;5.000000000000;5.000000000000;5.000000000000;4.000000000000;4.000000000000;4.000000000000;3.000000000000;3.000000000000;5.000000000000;4.000000000000;4.000000000000;5.000000000000;4.000000000000;5.000000000000;5.000000000000;5.000000000000;5.000000000000;5.000000000000;3.000000000000;5.000000000000;5.000000000000;5.000000000000;5.000000000000;5.000000000000;5.000000000000;3.000000000000;3.000000000000;3.000000000000;2.000000000000;2.000000000000;3.000000000000;5.000000000000;4.000000000000;4.000000000000;5.000000000000;5.000000000000;5.000000000000;5.000000000000;5.000000000000;5.000000000000;5.000000000000;4.000000000000;3.000000000000;4.000000000000;5.000000000000;5.000000000000;5.000000000000;5.000000000000;5.000000000000
4.000000000000;2.000000000000;6.000000000000;1.000000000000;1.000000000000;3.000000000000;1.000000000000;6.000000000000;5.000000000000;2.000000000000;4.000000000000;3.000000000000;5.000000000000;5.000000000000;5.000000000000;5.000000000000;5.000000000000;5.000000000000;5.000000000000;3.000000000000;3.000000000000;4.000000000000;4.000000000000;5.000000000000;5.000000000000;5.000000000000;5.000000000000;3.000000000000;3.000000000000;2.000000000000;2.000000000000;5.000000000000;3.000000000000;3.000000000000;2.000000000000;3.000000000000;3.000000000000;1.000000000000;3.000000000000;3.000000000000;3.000000000000;3.000000000000;3.000000000000;5.000000000000;4.000000000000;4.000000000000;2.000000000000;4.000000000000;3.000000000000;5.000000000000;5.000000000000;5.000000000000;5.000000000000;4.000000000000;5.000000000000;3.000000000000;3.000000000000;3.000000000000;2.000000000000;4.000000000000;3.000000000000;3.000000000000;4.000000000000;2.000000000000;3.000000000000;2.000000000000;1.000000000000;2.000000000000;1.000000000000;4.000000000000;3.000000000000;3.000000000000;3.000000000000;2.000000000000;5.000000000000;5.000000000000;4.000000000000;5.000000000000
5.000000000000;2.000000000000;5.000000000000;1.000000000000;3.000000000000;1.000000000000;1.000000000000;4.000000000000;3.000000000000;2.000000000000;3.000000000000;6.000000000000;5.000000000000;5.000000000000;5.000000000000;5.000000000000;5.000000000000;5.000000000000;5.000000000000;5.000000000000;3.000000000000;3.000000000000;5.000000000000;5.000000000000;5.000000000000;3.000000000000;5.000000000000;4.000000000000;5.000000000000;5.000000000000;5.000000000000;5.000000000000;5.000000000000;5.000000000000;3.000000000000;5.000000000000;3.000000000000;4.000000000000;2.000000000000;2.000000000000;2.000000000000;4.000000000000;2.000000000000;5.000000000000;5.000000000000;5.000000000000;5.000000000000;5.000000000000;5.000000000000;5.000000000000;5.000000000000;5.000000000000;5.000000000000;5.000000000000;5.000000000000;3.000000000000;3.000000000000;3.000000000000;4.000000000000;4.000000000000;5.000000000000;5.000000000000;5.000000000000;5.000000000000;5.000000000000;5.000000000000;5.000000000000;5.000000000000;5.000000000000;5.000000000000;5.000000000000;5.000000000000;5.000000000000;5.000000000000;5.000000000000;5.000000000000;5.000000000000;5.000000000000
6.000000000000;2.000000000000;3.000000000000;1.000000000000;5.000000000000;3.000000000000;1.000000000000;3.000000000000;5.000000000000;3.000000000000;1.000000000000;1.000000000000;2.000000000000;2.000000000000;2.000000000000;2.000000000000;2.000000000000;4.000000000000;3.000000000000;4.000000000000;3.000000000000;3.000000000000;4.000000000000;4.000000000000;4.000000000000;3.000000000000;4.000000000000;4.000000000000;4.000000000000;4.000000000000;4.000000000000;4.000000000000;3.000000000000;3.000000000000;3.000000000000;3.000000000000;3.000000000000;3.000000000000;3.000000000000;4.000000000000;4.000000000000;4.000000000000;4.000000000000;4.000000000000;4.000000000000;3.000000000000;4.000000000000;4.000000000000;4.000000000000;2.000000000000;3.000000000000;4.000000000000;3.000000000000;3.000000000000;3.000000000000;2.000000000000;4.000000000000;3.000000000000;2.000000000000;4.000000000000;3.000000000000;4.000000000000;3.000000000000;4.000000000000;4.000000000000;4.000000000000;3.000000000000;4.000000000000;4.000000000000;3.000000000000;3.000000000000;4.000000000000;3.000000000000;3.000000000000;3.000000000000;4.000000000000;3.000000000000;3.000000000000
7.000000000000;2.000000000000;8.000000000000;1.000000000000;3.000000000000;3.000000000000;1.000000000000;4.000000000000;7.000000000000;1.000000000000;6.000000000000;3.000000000000;5.000000000000;5.000000000000;5.000000000000;5.000000000000;5.000000000000;5.000000000000;4.000000000000;3.000000000000;3.000000000000;3.000000000000;4.000000000000;5.000000000000;5.000000000000;4.000000000000;4.000000000000;4.000000000000;4.000000000000;4.000000000000;4.000000000000;4.000000000000;4.000000000000;4.000000000000;4.000000000000;4.000000000000;4.000000000000;4.000000000000;4.000000000000;4.000000000000;4.000000000000;4.000000000000;4.000000000000;4.000000000000;4.000000000000;4.000000000000;4.000000000000;4.000000000000;4.000000000000;5.000000000000;5.000000000000;5.000000000000;5.000000000000;5.000000000000;4.000000000000;3.000000000000;4.000000000000;3.000000000000;4.000000000000;3.000000000000;5.000000000000;3.000000000000;4.000000000000;4.000000000000;4.000000000000;4.000000000000;3.000000000000;4.000000000000;5.000000000000;5.000000000000;4.000000000000;4.000000000000;4.000000000000;5.000000000000;5.000000000000;5.000000000000;5.000000000000;5.000000000000
8.000000000000;2.000000000000;8.000000000000;1.000000000000;4.000000000000;;1.000000000000;4.000000000000;7.000000000000;2.000000000000;3.000000000000;2.000000000000;5.000000000000;4.000000000000;4.000000000000;4.000000000000;4.000000000000;4.000000000000;3.000000000000;3.000000000000;3.000000000000;2.000000000000;2.000000000000;3.000000000000;3.000000000000;3.000000000000;3.000000000000;3.000000000000;3.000000000000;3.000000000000;3.000000000000;3.000000000000;3.000000000000;3.000000000000;3.000000000000;3.000000000000;3.000000000000;3.000000000000;3.000000000000;3.000000000000;3.000000000000;3.000000000000;3.000000000000;3.000000000000;2.000000000000;3.000000000000;2.000000000000;2.000000000000;3.000000000000;4.000000000000;4.000000000000;4.000000000000;4.000000000000;4.000000000000;4.000000000000;4.000000000000;4.000000000000;4.000000000000;4.000000000000;4.000000000000;3.000000000000;3.000000000000;3.000000000000;3.000000000000;3.000000000000;3.000000000000;3.000000000000;3.000000000000;4.000000000000;4.000000000000;4.000000000000;3.000000000000;4.000000000000;4.000000000000;4.000000000000;4.000000000000;4.000000000000;4.000000000000
9.000000000000;1.000000000000;5.000000000000;1.000000000000;8.000000000000;3.000000000000;2.000000000000;3.000000000000;4.000000000000;3.000000000000;3.000000000000;2.000000000000;5.000000000000;5.000000000000;5.000000000000;5.000000000000;5.000000000000;5.000000000000;4.000000000000;3.000000000000;3.000000000000;4.000000000000;4.000000000000;2.000000000000;2.000000000000;3.000000000000;4.000000000000;2.000000000000;3.000000000000;4.000000000000;4.000000000000;4.000000000000;3.000000000000;4.000000000000;3.000000000000;3.000000000000;3.000000000000;3.000000000000;3.000000000000;4.000000000000;4.000000000000;4.000000000000;3.000000000000;4.000000000000;3.000000000000;4.000000000000;4.000000000000;4.000000000000;4.000000000000;4.000000000000;4.000000000000;4.000000000000;4.000000000000;4.000000000000;2.000000000000;1.000000000000;2.000000000000;3.000000000000;2.000000000000;3.000000000000;3.000000000000;3.000000000000;3.000000000000;3.000000000000;4.000000000000;3.000000000000;2.000000000000;3.000000000000;3.000000000000;3.000000000000;3.000000000000;3.000000000000;3.000000000000;4.000000000000;4.000000000000;4.000000000000;4.000000000000;4.000000000000
10.000000000000;2.000000000000;8.000000000000;1.000000000000;6.000000000000;1.000000000000;1.000000000000;5.000000000000;7.000000000000;2.000000000000;1.000000000000;1.000000000000;3.000000000000;4.000000000000;4.000000000000;3.000000000000;4.000000000000;4.000000000000;4.000000000000;5.000000000000;5.000000000000;5.000000000000;5.000000000000;4.000000000000;4.000000000000;5.000000000000;5.000000000000;5.000000000000;5.000000000000;3.000000000000;3.000000000000;5.000000000000;5.000000000000;5.000000000000;3.000000000000;3.000000000000;3.000000000000;3.000000000000;5.000000000000;5.000000000000;5.000000000000;5.000000000000;5.000000000000;4.000000000000;5.000000000000;5.000000000000;4.000000000000;5.000000000000;5.000000000000;5.000000000000;5.000000000000;5.000000000000;4.000000000000;5.000000000000;5.000000000000;3.000000000000;5.000000000000;3.000000000000;3.000000000000;5.000000000000;5.000000000000;5.000000000000;5.000000000000;5.000000000000;5.000000000000;5.000000000000;4.000000000000;5.000000000000;5.000000000000;5.000000000000;5.000000000000;5.000000000000;5.000000000000;5.000000000000;5.000000000000;5.000000000000;5.000000000000;5.000000000000
11.000000000000;1.000000000000;5.000000000000;1.000000000000;6.000000000000;3.000000000000;1.000000000000;5.000000000000;3.000000000000;2.000000000000;2.000000000000;1.000000000000;5.000000000000;4.000000000000;3.000000000000;4.000000000000;4.000000000000;5.000000000000;1.000000000000;1.000000000000;1.000000000000;3.000000000000;3.000000000000;4.000000000000;4.000000000000;4.000000000000;1.000000000000;1.000000000000;2.000000000000;3.000000000000;2.000000000000;3.000000000000;3.000000000000;4.000000000000;1.000000000000;1.000000000000;1.000000000000;1.000000000000;1.000000000000;3.000000000000;2.000000000000;2.000000000000;2.000000000000;1.000000000000;1.000000000000;4.000000000000;1.000000000000;4.000000000000;3.000000000000;3.000000000000;4.000000000000;5.000000000000;3.000000000000;2.000000000000;3.000000000000;1.000000000000;3.000000000000;3.000000000000;5.000000000000;2.000000000000;4.000000000000;4.000000000000;2.000000000000;1.000000000000;2.000000000000;3.000000000000;3.000000000000;2.000000000000;3.000000000000;2.000000000000;2.000000000000;3.000000000000;3.000000000000;3.000000000000;4.000000000000;4.000000000000;4.000000000000;4.000000000000
12.000000000000;2.000000000000;3.000000000000;2.000000000000;1.000000000000;3.000000000000;1.000000000000;5.000000000000;2.000000000000;1.000000000000;4.000000000000;3.000000000000;5.000000000000;5.000000000000;5.000000000000;5.000000000000;5.000000000000;5.000000000000;3.000000000000;2.000000000000;1.000000000000;1.000000000000;1.000000000000;3.000000000000;2.000000000000;1.000000000000;4.000000000000;4.000000000000;4.000000000000;1.000000000000;1.000000000000;2.000000000000;1.000000000000;1.000000000000;4.000000000000;3.000000000000;2.000000000000;1.000000000000;1.000000000000;1.000000000000;1.000000000000;1.000000000000;1.000000000000;1.000000000000;1.000000000000;1.000000000000;1.000000000000;1.000000000000;2.000000000000;5.000000000000;5.000000000000;5.000000000000;5.000000000000;5.000000000000;4.000000000000;3.000000000000;4.000000000000;2.000000000000;2.000000000000;3.000000000000;2.000000000000;2.000000000000;1.000000000000;1.000000000000;4.000000000000;2.000000000000;1.000000000000;4.000000000000;2.000000000000;2.000000000000;2.000000000000;4.000000000000;5.000000000000;5.000000000000;5.000000000000;5.000000000000;5.000000000000;5.000000000000
13.000000000000;2.000000000000;8.000000000000;2.000000000000;9.000000000000;1.000000000000;2.000000000000;8.000000000000;7.000000000000;4.000000000000;4.000000000000;5.000000000000;5.000000000000;5.000000000000;5.000000000000;5.000000000000;5.000000000000;5.000000000000;3.000000000000;3.000000000000;3.000000000000;3.000000000000;3.000000000000;5.000000000000;5.000000000000;5.000000000000;5.000000000000;5.000000000000;4.000000000000;3.000000000000;3.000000000000;2.000000000000;3.000000000000;2.000000000000;3.000000000000;3.000000000000;3.000000000000;3.000000000000;3.000000000000;4.000000000000;4.000000000000;3.000000000000;5.000000000000;3.000000000000;3.000000000000;3.000000000000;2.000000000000;5.000000000000;4.000000000000;5.000000000000;5.000000000000;5.000000000000;5.000000000000;5.000000000000;5.000000000000;5.000000000000;5.000000000000;5.000000000000;2.000000000000;5.000000000000;3.000000000000;3.000000000000;3.000000000000;2.000000000000;3.000000000000;3.000000000000;2.000000000000;3.000000000000;5.000000000000;4.000000000000;4.000000000000;2.000000000000;5.000000000000;5.000000000000;5.000000000000;5.000000000000;5.000000000000;5.000000000000
14.000000000000;2.000000000000;5.000000000000;1.000000000000;6.000000000000;1.000000000000;3.000000000000;3.000000000000;7.000000000000;2.000000000000;2.000000000000;6.000000000000;4.000000000000;3.000000000000;1.000000000000;3.000000000000;3.000000000000;4.000000000000;5.000000000000;4.000000000000;3.000000000000;5.000000000000;4.000000000000;5.000000000000;5.000000000000;5.000000000000;5.000000000000;5.000000000000;5.000000000000;4.000000000000;4.000000000000;4.000000000000;5.000000000000;4.000000000000;3.000000000000;3.000000000000;3.000000000000;3.000000000000;2.000000000000;3.000000000000;3.000000000000;2.000000000000;1.000000000000;4.000000000000;4.000000000000;4.000000000000;5.000000000000;5.000000000000;4.000000000000;4.000000000000;4.000000000000;4.000000000000;4.000000000000;4.000000000000;3.000000000000;4.000000000000;4.000000000000;4.000000000000;4.000000000000;4.000000000000;4.000000000000;4.000000000000;4.000000000000;4.000000000000;5.000000000000;3.000000000000;4.000000000000;4.000000000000;4.000000000000;4.000000000000;4.000000000000;4.000000000000;4.000000000000;3.000000000000;3.000000000000;2.000000000000;3.000000000000;4.000000000000
15.000000000000;1.000000000000;3.000000000000;1.000000000000;1.000000000000;4.000000000000;1.000000000000;3.000000000000;3.000000000000;4.000000000000;3.000000000000;1.000000000000;1.000000000000;1.000000000000;5.000000000000;5.000000000000;3.000000000000;3.000000000000;1.000000000000;1.000000000000;1.000000000000;1.000000000000;1.000000000000;5.000000000000;5.000000000000;5.000000000000;5.000000000000;5.000000000000;1.000000000000;1.000000000000;1.000000000000;1.000000000000;1.000000000000;3.000000000000;3.000000000000;5.000000000000;4.000000000000;2.000000000000;1.000000000000;1.000000000000;1.000000000000;1.000000000000;1.000000000000;3.000000000000;3.000000000000;1.000000000000;1.000000000000;1.000000000000;;4.000000000000;4.000000000000;4.000000000000;4.000000000000;4.000000000000;1.000000000000;1.000000000000;1.000000000000;1.000000000000;1.000000000000;1.000000000000;1.000000000000;1.000000000000;1.000000000000;1.000000000000;1.000000000000;1.000000000000;3.000000000000;4.000000000000;1.000000000000;1.000000000000;1.000000000000;1.000000000000;1.000000000000;3.000000000000;4.000000000000;5.000000000000;5.000000000000;5.000000000000
16.000000000000;2.000000000000;2.000000000000;1.000000000000;1.000000000000;2.000000000000;2.000000000000;3.000000000000;3.000000000000;3.000000000000;6.000000000000;2.000000000000;4.000000000000;3.000000000000;3.000000000000;4.000000000000;5.000000000000;4.000000000000;2.000000000000;3.000000000000;3.000000000000;3.000000000000;3.000000000000;4.000000000000;4.000000000000;4.000000000000;4.000000000000;4.000000000000;3.000000000000;3.000000000000;4.000000000000;4.000000000000;4.000000000000;4.000000000000;4.000000000000;4.000000000000;4.000000000000;;4.000000000000;3.000000000000;4.000000000000;4.000000000000;4.000000000000;3.000000000000;4.000000000000;4.000000000000;4.000000000000;3.000000000000;3.000000000000;4.000000000000;4.000000000000;3.000000000000;4.000000000000;4.000000000000;4.000000000000;4.000000000000;4.000000000000;4.000000000000;4.000000000000;3.000000000000;4.000000000000;4.000000000000;4.000000000000;4.000000000000;4.000000000000;4.000000000000;4.000000000000;4.000000000000;4.000000000000;4.000000000000;3.000000000000;3.000000000000;4.000000000000;4.000000000000;5.000000000000;5.000000000000;5.000000000000;5.000000000000
17.000000000000;2.000000000000;3.000000000000;1.000000000000;1.000000000000;1.000000000000;2.000000000000;4.000000000000;6.000000000000;4.000000000000;6.000000000000;6.000000000000;5.000000000000;4.000000000000;5.000000000000;4.000000000000;4.000000000000;5.000000000000;4.000000000000;4.000000000000;4.000000000000;4.000000000000;5.000000000000;5.000000000000;5.000000000000;4.000000000000;4.000000000000;5.000000000000;4.000000000000;5.000000000000;5.000000000000;5.000000000000;5.000000000000;4.000000000000;4.000000000000;3.000000000000;4.000000000000;4.000000000000;5.000000000000;5.000000000000;5.000000000000;5.000000000000;4.000000000000;5.000000000000;5.000000000000;5.000000000000;5.000000000000;5.000000000000;5.000000000000;5.000000000000;5.000000000000;5.000000000000;5.000000000000;4.000000000000;4.000000000000;4.000000000000;4.000000000000;4.000000000000;4.000000000000;5.000000000000;5.000000000000;5.000000000000;5.000000000000;5.000000000000;5.000000000000;5.000000000000;5.000000000000;5.000000000000;5.000000000000;5.000000000000;5.000000000000;5.000000000000;5.000000000000;5.000000000000;5.000000000000;5.000000000000;5.000000000000;5.000000000000
18.000000000000;1.000000000000;1.000000000000;1.000000000000;1.000000000000;3.000000000000;1.000000000000;2.000000000000;3.000000000000;1.000000000000;3.000000000000;2.000000000000;4.000000000000;3.000000000000;3.000000000000;4.000000000000;3.000000000000;3.000000000000;1.000000000000;2.000000000000;2.000000000000;1.000000000000;2.000000000000;3.000000000000;2.000000000000;3.000000000000;2.000000000000;2.000000000000;2.000000000000;3.000000000000;2.000000000000;3.000000000000;2.000000000000;3.000000000000;2.000000000000;1.000000000000;1.000000000000;1.000000000000;2.000000000000;2.000000000000;2.000000000000;3.000000000000;2.000000000000;3.000000000000;2.000000000000;2.000000000000;3.000000000000;2.000000000000;3.000000000000;4.000000000000;3.000000000000;3.000000000000;3.000000000000;5.000000000000;4.000000000000;4.000000000000;2.000000000000;3.000000000000;4.000000000000;3.000000000000;3.000000000000;3.000000000000;2.000000000000;2.000000000000;3.000000000000;4.000000000000;3.000000000000;4.000000000000;2.000000000000;3.000000000000;3.000000000000;3.000000000000;5.000000000000;2.000000000000;3.000000000000;3.000000000000;3.000000000000;4.000000000000
19.000000000000;1.000000000000;1.000000000000;4.000000000000;9.000000000000;5.000000000000;1.000000000000;2.000000000000;1.000000000000;1.000000000000;2.000000000000;2.000000000000;4.000000000000;4.000000000000;1.000000000000;4.000000000000;4.000000000000;4.000000000000;;4.000000000000;4.000000000000;4.000000000000;4.000000000000;3.000000000000;3.000000000000;3.000000000000;3.000000000000;3.000000000000;3.000000000000;4.000000000000;4.000000000000;2.000000000000;4.000000000000;4.000000000000;3.000000000000;3.000000000000;3.000000000000;2.000000000000;1.000000000000;1.000000000000;1.000000000000;1.000000000000;1.000000000000;2.000000000000;2.000000000000;2.000000000000;2.000000000000;2.000000000000;2.000000000000;2.000000000000;2.000000000000;2.000000000000;2.000000000000;2.000000000000;2.000000000000;2.000000000000;2.000000000000;3.000000000000;3.000000000000;3.000000000000;2.000000000000;2.000000000000;2.000000000000;2.000000000000;3.000000000000;3.000000000000;2.000000000000;2.000000000000;2.000000000000;2.000000000000;2.000000000000;2.000000000000;2.000000000000;2.000000000000;2.000000000000;2.000000000000;2.000000000000;2.000000000000
20.000000000000;2.000000000000;8.000000000000;1.000000000000;4.000000000000;3.000000000000;2.000000000000;8.000000000000;6.000000000000;3.000000000000;3.000000000000;2.000000000000;5.000000000000;4.000000000000;4.000000000000;4.000000000000;4.000000000000;5.000000000000;5.000000000000;4.000000000000;5.000000000000;4.000000000000;5.000000000000;4.000000000000;4.000000000000;3.000000000000;5.000000000000;4.000000000000;5.000000000000;4.000000000000;3.000000000000;3.000000000000;4.000000000000;5.000000000000;4.000000000000;3.000000000000;3.000000000000;3.000000000000;4.000000000000;4.000000000000;5.000000000000;3.000000000000;4.000000000000;4.000000000000;5.000000000000;4.000000000000;4.000000000000;5.000000000000;5.000000000000;4.000000000000;5.000000000000;5.000000000000;4.000000000000;4.000000000000;3.000000000000;3.000000000000;4.000000000000;2.000000000000;2.000000000000;2.000000000000;4.000000000000;3.000000000000;3.000000000000;4.000000000000;5.000000000000;4.000000000000;4.000000000000;5.000000000000;5.000000000000;4.000000000000;4.000000000000;4.000000000000;5.000000000000;5.000000000000;5.000000000000;5.000000000000;5.000000000000;5.000000000000
21.000000000000;2.000000000000;7.000000000000;1.000000000000;5.000000000000;4.000000000000;1.000000000000;4.000000000000;7.000000000000;1.000000000000;1.000000000000;2.000000000000;5.000000000000;2.000000000000;4.000000000000;3.000000000000;3.000000000000;4.000000000000;4.000000000000;3.000000000000;3.000000000000;4.000000000000;4.000000000000;5.000000000000;5.000000000000;5.000000000000;4.000000000000;4.000000000000;4.000000000000;5.000000000000;5.000000000000;5.000000000000;5.000000000000;5.000000000000;3.000000000000;4.000000000000;3.000000000000;3.000000000000;3.000000000000;4.000000000000;4.000000000000;4.000000000000;4.000000000000;5.000000000000;5.000000000000;5.000000000000;4.000000000000;4.000000000000;4.000000000000;5.000000000000;5.000000000000;4.000000000000;4.000000000000;4.000000000000;4.000000000000;4.000000000000;4.000000000000;4.000000000000;4.000000000000;4.000000000000;4.000000000000;4.000000000000;4.000000000000;4.000000000000;4.000000000000;4.000000000000;4.000000000000;5.000000000000;5.000000000000;5.000000000000;5.000000000000;4.000000000000;4.000000000000;5.000000000000;5.000000000000;5.000000000000;5.000000000000;5.000000000000
22.000000000000;1.000000000000;5.000000000000;1.000000000000;8.000000000000;3.000000000000;1.000000000000;8.000000000000;5.000000000000;2.000000000000;6.000000000000;2.000000000000;5.000000000000;5.000000000000;5.000000000000;5.000000000000;5.000000000000;5.000000000000;3.000000000000;3.000000000000;3.000000000000;3.000000000000;5.000000000000;5.000000000000;5.000000000000;5.000000000000;3.000000000000;5.000000000000;5.000000000000;5.000000000000;5.000000000000;5.000000000000;5.000000000000;5.000000000000;3.000000000000;3.000000000000;4.000000000000;4.000000000000;3.000000000000;2.000000000000;3.000000000000;2.000000000000;3.000000000000;5.000000000000;5.000000000000;5.000000000000;5.000000000000;5.000000000000;5.000000000000;5.000000000000;5.000000000000;5.000000000000;5.000000000000;5.000000000000;4.000000000000;4.000000000000;4.000000000000;4.000000000000;4.000000000000;4.000000000000;5.000000000000;5.000000000000;3.000000000000;4.000000000000;3.000000000000;5.000000000000;3.000000000000;3.000000000000;5.000000000000;4.000000000000;4.000000000000;3.000000000000;4.000000000000;5.000000000000;5.000000000000;5.000000000000;5.000000000000;5.000000000000
23.000000000000;1.000000000000;3.000000000000;1.000000000000;1.000000000000;3.000000000000;1.000000000000;2.000000000000;4.000000000000;1.000000000000;2.000000000000;2.000000000000;2.000000000000;2.000000000000;1.000000000000;1.000000000000;1.000000000000;1.000000000000;4.000000000000;3.000000000000;2.000000000000;4.000000000000;4.000000000000;4.000000000000;3.000000000000;3.000000000000;4.000000000000;4.000000000000;4.000000000000;4.000000000000;3.000000000000;2.000000000000;4.000000000000;3.000000000000;1.000000000000;4.000000000000;4.000000000000;2.000000000000;2.000000000000;2.000000000000;4.000000000000;2.000000000000;4.000000000000;4.000000000000;4.000000000000;4.000000000000;3.000000000000;4.000000000000;4.000000000000;2.000000000000;1.000000000000;2.000000000000;1.000000000000;1.000000000000;1.000000000000;2.000000000000;2.000000000000;2.000000000000;1.000000000000;1.000000000000;4.000000000000;2.000000000000;2.000000000000;4.000000000000;4.000000000000;4.000000000000;4.000000000000;4.000000000000;4.000000000000;4.000000000000;4.000000000000;4.000000000000;1.000000000000;1.000000000000;1.000000000000;1.000000000000;1.000000000000;1.000000000000
24.000000000000;2.000000000000;4.000000000000;1.000000000000;2.000000000000;4.000000000000;3.000000000000;4.000000000000;7.000000000000;3.000000000000;3.000000000000;3.000000000000;4.000000000000;4.000000000000;4.000000000000;3.000000000000;3.000000000000;5.000000000000;5.000000000000;4.000000000000;3.000000000000;3.000000000000;5.000000000000;5.000000000000;4.000000000000;4.000000000000;4.000000000000;5.000000000000;4.000000000000;4.000000000000;5.000000000000;4.000000000000;5.000000000000;4.000000000000;3.000000000000;4.000000000000;4.000000000000;4.000000000000;3.000000000000;3.000000000000;3.000000000000;3.000000000000;4.000000000000;5.000000000000;4.000000000000;4.000000000000;;3.000000000000;4.000000000000;4.000000000000;4.000000000000;4.000000000000;4.000000000000;4.000000000000;3.000000000000;3.000000000000;3.000000000000;3.000000000000;3.000000000000;3.000000000000;4.000000000000;4.000000000000;3.000000000000;4.000000000000;4.000000000000;;4.000000000000;4.000000000000;3.000000000000;3.000000000000;4.000000000000;3.000000000000;4.000000000000;4.000000000000;4.000000000000;4.000000000000;5.000000000000;5.000000000000
25.000000000000;1.000000000000;6.000000000000;1.000000000000;;4.000000000000;1.000000000000;7.000000000000;7.000000000000;;2.000000000000;2.000000000000;4.000000000000;5.000000000000;4.000000000000;4.000000000000;3.000000000000;4.000000000000;4.000000000000;4.000000000000;4.000000000000;4.000000000000;4.000000000000;3.000000000000;3.000000000000;3.000000000000;3.000000000000;4.000000000000;4.000000000000;4.000000000000;4.000000000000;4.000000000000;4.000000000000;4.000000000000;4.000000000000;4.000000000000;4.000000000000;4.000000000000;3.000000000000;5.000000000000;5.000000000000;5.000000000000;5.000000000000;5.000000000000;5.000000000000;5.000000000000;5.000000000000;5.000000000000;5.000000000000;4.000000000000;4.000000000000;5.000000000000;5.000000000000;5.000000000000;5.000000000000;3.000000000000;3.000000000000;4.000000000000;3.000000000000;4.000000000000;5.000000000000;4.000000000000;4.000000000000;4.000000000000;4.000000000000;4.000000000000;4.000000000000;4.000000000000;4.000000000000;4.000000000000;4.000000000000;4.000000000000;4.000000000000;4.000000000000;4.000000000000;4.000000000000;4.000000000000;4.000000000000
26.000000000000;1.000000000000;6.000000000000;7.000000000000;5.000000000000;4.000000000000;1.000000000000;3.000000000000;6.000000000000;2.000000000000;2.000000000000;1.000000000000;3.000000000000;4.000000000000;3.000000000000;4.000000000000;3.000000000000;5.000000000000;4.000000000000;3.000000000000;3.000000000000;3.000000000000;3.000000000000;4.000000000000;4.000000000000;3.000000000000;3.000000000000;3.000000000000;4.000000000000;3.000000000000;2.000000000000;2.000000000000;3.000000000000;3.000000000000;4.000000000000;3.000000000000;3.000000000000;3.000000000000;3.000000000000;3.000000000000;3.000000000000;4.000000000000;3.000000000000;4.000000000000;3.000000000000;4.000000000000;4.000000000000;4.000000000000;4.000000000000;3.000000000000;4.000000000000;4.000000000000;3.000000000000;3.000000000000;4.000000000000;2.000000000000;4.000000000000;3.000000000000;4.000000000000;3.000000000000;4.000000000000;3.000000000000;2.000000000000;4.000000000000;4.000000000000;3.000000000000;4.000000000000;3.000000000000;2.000000000000;3.000000000000;2.000000000000;2.000000000000;3.000000000000;4.000000000000;4.000000000000;4.000000000000;4.000000000000;3.000000000000
27.000000000000;1.000000000000;5.000000000000;1.000000000000;3.000000000000;3.000000000000;1.000000000000;6.000000000000;3.000000000000;2.000000000000;4.000000000000;4.000000000000;4.000000000000;4.000000000000;4.000000000000;5.000000000000;4.000000000000;5.000000000000;3.000000000000;3.000000000000;2.000000000000;3.000000000000;3.000000000000;1.000000000000;3.000000000000;1.000000000000;1.000000000000;1.000000000000;1.000000000000;3.000000000000;2.000000000000;3.000000000000;3.000000000000;4.000000000000;3.000000000000;3.000000000000;3.000000000000;4.000000000000;4.000000000000;4.000000000000;3.000000000000;3.000000000000;3.000000000000;4.000000000000;2.000000000000;2.000000000000;3.000000000000;3.000000000000;3.000000000000;5.000000000000;4.000000000000;4.000000000000;4.000000000000;5.000000000000;2.000000000000;2.000000000000;3.000000000000;2.000000000000;4.000000000000;3.000000000000;4.000000000000;4.000000000000;3.000000000000;2.000000000000;2.000000000000;3.000000000000;3.000000000000;3.000000000000;3.000000000000;4.000000000000;2.000000000000;2.000000000000;2.000000000000;2.000000000000;2.000000000000;4.000000000000;5.000000000000;5.000000000000
28.000000000000;2.000000000000;6.000000000000;5.000000000000;5.000000000000;2.000000000000;1.000000000000;3.000000000000;7.000000000000;2.000000000000;1.000000000000;2.000000000000;4.000000000000;5.000000000000;3.000000000000;4.000000000000;4.000000000000;4.000000000000;4.000000000000;4.000000000000;3.000000000000;3.000000000000;4.000000000000;4.000000000000;4.000000000000;3.000000000000;4.000000000000;3.000000000000;3.000000000000;4.000000000000;4.000000000000;4.000000000000;4.000000000000;4.000000000000;3.000000000000;3.000000000000;3.000000000000;3.000000000000;3.000000000000;3.000000000000;3.000000000000;4.000000000000;3.000000000000;4.000000000000;4.000000000000;5.000000000000;3.000000000000;4.000000000000;4.000000000000;3.000000000000;3.000000000000;;4.000000000000;3.000000000000;3.000000000000;3.000000000000;5.000000000000;3.000000000000;4.000000000000;4.000000000000;3.000000000000;5.000000000000;4.000000000000;5.000000000000;5.000000000000;5.000000000000;5.000000000000;5.000000000000;5.000000000000;5.000000000000;4.000000000000;4.000000000000;4.000000000000;4.000000000000;4.000000000000;4.000000000000;4.000000000000;4.000000000000
29.000000000000;2.000000000000;8.000000000000;4.000000000000;3.000000000000;3.000000000000;1.000000000000;8.000000000000;4.000000000000;6.000000000000;2.000000000000;6.000000000000;;4.000000000000;4.000000000000;4.000000000000;4.000000000000;5.000000000000;4.000000000000;4.000000000000;4.000000000000;3.000000000000;4.000000000000;2.000000000000;4.000000000000;2.000000000000;3.000000000000;4.000000000000;2.000000000000;4.000000000000;4.000000000000;4.000000000000;4.000000000000;4.000000000000;4.000000000000;4.000000000000;4.000000000000;4.000000000000;2.000000000000;3.000000000000;4.000000000000;4.000000000000;4.000000000000;4.000000000000;4.000000000000;4.000000000000;3.000000000000;5.000000000000;4.000000000000;4.000000000000;3.000000000000;4.000000000000;4.000000000000;4.000000000000;4.000000000000;3.000000000000;2.000000000000;4.000000000000;4.000000000000;5.000000000000;4.000000000000;3.000000000000;4.000000000000;4.000000000000;4.000000000000;4.000000000000;4.000000000000;5.000000000000;3.000000000000;3.000000000000;3.000000000000;2.000000000000;4.000000000000;4.000000000000;4.000000000000;4.000000000000;4.000000000000;4.000000000000
30.000000000000;1.000000000000;5.000000000000;10.000000000000;2.000000000000;3.000000000000;2.000000000000;6.000000000000;3.000000000000;2.000000000000;2.000000000000;2.000000000000;3.000000000000;4.000000000000;5.000000000000;5.000000000000;4.000000000000;1.000000000000;4.000000000000;4.000000000000;4.000000000000;4.000000000000;5.000000000000;4.000000000000;5.000000000000;3.000000000000;1.000000000000;2.000000000000;3.000000000000;2.000000000000;3.000000000000;3.000000000000;2.000000000000;3.000000000000;2.000000000000;3.000000000000;3.000000000000;;3.000000000000;3.000000000000;4.000000000000;4.000000000000;4.000000000000;4.000000000000;3.000000000000;3.000000000000;4.000000000000;4.000000000000;4.000000000000;4.000000000000;4.000000000000;4.000000000000;4.000000000000;4.000000000000;4.000000000000;4.000000000000;2.000000000000;3.000000000000;3.000000000000;4.000000000000;4.000000000000;4.000000000000;4.000000000000;4.000000000000;3.000000000000;4.000000000000;3.000000000000;5.000000000000;4.000000000000;4.000000000000;4.000000000000;4.000000000000;4.000000000000;4.000000000000;3.000000000000;4.000000000000;4.000000000000;4.000000000000
31.000000000000;2.000000000000;3.000000000000;1.000000000000;1.000000000000;1.000000000000;1.000000000000;3.000000000000;2.000000000000;2.000000000000;2.000000000000;2.000000000000;4.000000000000;4.000000000000;4.000000000000;4.000000000000;3.000000000000;4.000000000000;4.000000000000;5.000000000000;5.000000000000;3.000000000000;4.000000000000;3.000000000000;3.000000000000;2.000000000000;3.000000000000;5.000000000000;4.000000000000;5.000000000000;5.000000000000;5.000000000000;5.000000000000;5.000000000000;5.000000000000;5.000000000000;4.000000000000;3.000000000000;5.000000000000;5.000000000000;5.000000000000;4.000000000000;5.000000000000;5.000000000000;5.000000000000;5.000000000000;5.000000000000;5.000000000000;5.000000000000;4.000000000000;3.000000000000;3.000000000000;3.000000000000;3.000000000000;2.000000000000;2.000000000000;4.000000000000;3.000000000000;4.000000000000;4.000000000000;4.000000000000;4.000000000000;4.000000000000;4.000000000000;4.000000000000;4.000000000000;4.000000000000;4.000000000000;4.000000000000;4.000000000000;4.000000000000;4.000000000000;4.000000000000;4.000000000000;4.000000000000;4.000000000000;4.000000000000;4.000000000000
32.000000000000;2.000000000000;3.000000000000;4.000000000000;1.000000000000;3.000000000000;1.000000000000;4.000000000000;4.000000000000;2.000000000000;4.000000000000;5.000000000000;5.000000000000;5.000000000000;5.000000000000;5.000000000000;5.000000000000;5.000000000000;5.000000000000;5.000000000000;4.000000000000;5.000000000000;5.000000000000;4.000000000000;5.000000000000;5.000000000000;5.000000000000;5.000000000000;5.000000000000;4.000000000000;4.000000000000;4.000000000000;4.000000000000;4.000000000000;3.000000000000;5.000000000000;5.000000000000;4.000000000000;5.000000000000;5.000000000000;5.000000000000;5.000000000000;5.000000000000;5.000000000000;5.000000000000;5.000000000000;5.000000000000;5.000000000000;5.000000000000;5.000000000000;5.000000000000;5.000000000000;4.000000000000;5.000000000000;5.000000000000;4.000000000000;4.000000000000;4.000000000000;5.000000000000;5.000000000000;5.000000000000;5.000000000000;5.000000000000;3.000000000000;4.000000000000;5.000000000000;5.000000000000;5.000000000000;5.000000000000;5.000000000000;5.000000000000;5.000000000000;4.000000000000;5.000000000000;5.000000000000;5.000000000000;5.000000000000;5.000000000000
33.000000000000;2.000000000000;3.000000000000;10.000000000000;;4.000000000000;1.000000000000;2.000000000000;6.000000000000;2.000000000000;3.000000000000;3.000000000000;4.000000000000;4.000000000000;4.000000000000;4.000000000000;4.000000000000;4.000000000000;3.000000000000;3.000000000000;3.000000000000;3.000000000000;3.000000000000;3.000000000000;3.000000000000;;3.000000000000;3.000000000000;3.000000000000;3.000000000000;3.000000000000;3.000000000000;3.000000000000;3.000000000000;3.000000000000;3.000000000000;3.000000000000;3.000000000000;4.000000000000;4.000000000000;3.000000000000;4.000000000000;3.000000000000;3.000000000000;3.000000000000;3.000000000000;3.000000000000;3.000000000000;3.000000000000;3.000000000000;3.000000000000;3.000000000000;3.000000000000;3.000000000000;3.000000000000;3.000000000000;3.000000000000;3.000000000000;3.000000000000;3.000000000000;4.000000000000;3.000000000000;3.000000000000;3.000000000000;3.000000000000;3.000000000000;3.000000000000;3.000000000000;4.000000000000;3.000000000000;3.000000000000;3.000000000000;3.000000000000;4.000000000000;3.000000000000;;4.000000000000;3.000000000000
34.000000000000;2.000000000000;5.000000000000;1.000000000000;2.000000000000;3.000000000000;1.000000000000;4.000000000000;4.000000000000;3.000000000000;2.000000000000;2.000000000000;2.000000000000;4.000000000000;4.000000000000;4.000000000000;4.000000000000;5.000000000000;4.000000000000;4.000000000000;2.000000000000;2.000000000000;3.000000000000;2.000000000000;2.000000000000;2.000000000000;2.000000000000;3.000000000000;2.000000000000;3.000000000000;2.000000000000;4.000000000000;2.000000000000;2.000000000000;2.000000000000;2.000000000000;2.000000000000;3.000000000000;2.000000000000;2.000000000000;2.000000000000;3.000000000000;4.000000000000;2.000000000000;3.000000000000;4.000000000000;2.000000000000;4.000000000000;3.000000000000;4.000000000000;4.000000000000;4.000000000000;5.000000000000;5.000000000000;4.000000000000;2.000000000000;1.000000000000;1.000000000000;2.000000000000;1.000000000000;1.000000000000;3.000000000000;4.000000000000;1.000000000000;1.000000000000;1.000000000000;1.000000000000;2.000000000000;2.000000000000;1.000000000000;1.000000000000;3.000000000000;1.000000000000;2.000000000000;3.000000000000;2.000000000000;4.000000000000;4.000000000000
35.000000000000;2.000000000000;3.000000000000;2.000000000000;3.000000000000;3.000000000000;4.000000000000;4.000000000000;1.000000000000;2.000000000000;3.000000000000;5.000000000000;5.000000000000;4.000000000000;4.000000000000;4.000000000000;4.000000000000;5.000000000000;5.000000000000;5.000000000000;4.000000000000;4.000000000000;5.000000000000;5.000000000000;4.000000000000;4.000000000000;5.000000000000;5.000000000000;4.000000000000;4.000000000000;4.000000000000;5.000000000000;4.000000000000;4.000000000000;5.000000000000;4.000000000000;5.000000000000;4.000000000000;4.000000000000;3.000000000000;4.000000000000;3.000000000000;3.000000000000;4.000000000000;4.000000000000;5.000000000000;4.000000000000;4.000000000000;4.000000000000;4.000000000000;4.000000000000;5.000000000000;4.000000000000;4.000000000000;4.000000000000;3.000000000000;3.000000000000;4.000000000000;5.000000000000;4.000000000000;5.000000000000;4.000000000000;4.000000000000;4.000000000000;5.000000000000;3.000000000000;2.000000000000;5.000000000000;5.000000000000;3.000000000000;3.000000000000;3.000000000000;3.000000000000;3.000000000000;4.000000000000;5.000000000000;5.000000000000;5.000000000000
36.000000000000;2.000000000000;3.000000000000;2.000000000000;2.000000000000;3.000000000000;1.000000000000;4.000000000000;2.000000000000;2.000000000000;2.000000000000;5.000000000000;3.000000000000;4.000000000000;4.000000000000;4.000000000000;4.000000000000;4.000000000000;4.000000000000;4.000000000000;5.000000000000;4.000000000000;5.000000000000;4.000000000000;4.000000000000;4.000000000000;3.000000000000;4.000000000000;4.000000000000;4.000000000000;4.000000000000;5.000000000000;4.000000000000;4.000000000000;5.000000000000;5.000000000000;5.000000000000;5.000000000000;4.000000000000;4.000000000000;4.000000000000;4.000000000000;4.000000000000;4.000000000000;4.000000000000;4.000000000000;4.000000000000;4.000000000000;4.000000000000;4.000000000000;3.000000000000;4.000000000000;4.000000000000;3.000000000000;4.000000000000;4.000000000000;3.000000000000;3.000000000000;3.000000000000;3.000000000000;4.000000000000;4.000000000000;4.000000000000;4.000000000000;5.000000000000;4.000000000000;4.000000000000;4.000000000000;4.000000000000;4.000000000000;4.000000000000;4.000000000000;4.000000000000;4.000000000000;3.000000000000;3.000000000000;3.000000000000;4.000000000000
37.000000000000;1.000000000000;5.000000000000;1.000000000000;3.000000000000;6.000000000000;1.000000000000;7.000000000000;2.000000000000;1.000000000000;6.000000000000;4.000000000000;3.000000000000;4.000000000000;4.000000000000;3.000000000000;4.000000000000;4.000000000000;5.000000000000;5.000000000000;2.000000000000;2.000000000000;4.000000000000;5.000000000000;5.000000000000;4.000000000000;4.000000000000;4.000000000000;4.000000000000;4.000000000000;2.000000000000;4.000000000000;4.000000000000;5.000000000000;4.000000000000;4.000000000000;4.000000000000;4.000000000000;2.000000000000;3.000000000000;4.000000000000;3.000000000000;4.000000000000;4.000000000000;4.000000000000;3.000000000000;5.000000000000;4.000000000000;4.000000000000;3.000000000000;5.000000000000;5.000000000000;4.000000000000;4.000000000000;4.000000000000;4.000000000000;4.000000000000;5.000000000000;2.000000000000;4.000000000000;4.000000000000;4.000000000000;5.000000000000;4.000000000000;5.000000000000;5.000000000000;4.000000000000;4.000000000000;4.000000000000;4.000000000000;3.000000000000;4.000000000000;3.000000000000;4.000000000000;4.000000000000;5.000000000000;4.000000000000;5.000000000000
38.000000000000;2.000000000000;7.000000000000;1.000000000000;2.000000000000;6.000000000000;1.000000000000;7.000000000000;4.000000000000;3.000000000000;3.000000000000;3.000000000000;4.000000000000;4.000000000000;4.000000000000;4.000000000000;4.000000000000;4.000000000000;2.000000000000;4.000000000000;2.000000000000;2.000000000000;3.000000000000;3.000000000000;3.000000000000;3.000000000000;3.000000000000;4.000000000000;3.000000000000;3.000000000000;2.000000000000;3.000000000000;3.000000000000;3.000000000000;2.000000000000;3.000000000000;2.000000000000;3.000000000000;2.000000000000;2.000000000000;2.000000000000;3.000000000000;3.000000000000;3.000000000000;3.000000000000;2.000000000000;4.000000000000;3.000000000000;3.000000000000;4.000000000000;4.000000000000;4.000000000000;4.000000000000;4.000000000000;3.000000000000;2.000000000000;2.000000000000;2.000000000000;4.000000000000;2.000000000000;4.000000000000;3.000000000000;2.000000000000;2.000000000000;2.000000000000;2.000000000000;2.000000000000;2.000000000000;2.000000000000;2.000000000000;3.000000000000;3.000000000000;2.000000000000;4.000000000000;4.000000000000;4.000000000000;4.000000000000;4.000000000000
39.000000000000;2.000000000000;2.000000000000;1.000000000000;1.000000000000;3.000000000000;2.000000000000;2.000000000000;4.000000000000;2.000000000000;4.000000000000;3.000000000000;4.000000000000;4.000000000000;4.000000000000;4.000000000000;4.000000000000;4.000000000000;4.000000000000;4.000000000000;4.000000000000;4.000000000000;4.000000000000;4.000000000000;4.000000000000;4.000000000000;4.000000000000;4.000000000000;4.000000000000;4.000000000000;4.000000000000;4.000000000000;4.000000000000;4.000000000000;4.000000000000;4.000000000000;4.000000000000;4.000000000000;4.000000000000;4.000000000000;4.000000000000;4.000000000000;4.000000000000;4.000000000000;4.000000000000;4.000000000000;4.000000000000;4.000000000000;4.000000000000;4.000000000000;4.000000000000;4.000000000000;4.000000000000;4.000000000000;4.000000000000;4.000000000000;4.000000000000;4.000000000000;4.000000000000;4.000000000000;4.000000000000;4.000000000000;4.000000000000;4.000000000000;3.000000000000;3.000000000000;4.000000000000;3.000000000000;3.000000000000;3.000000000000;3.000000000000;3.000000000000;3.000000000000;5.000000000000;3.000000000000;4.000000000000;4.000000000000;5.000000000000
40.000000000000;2.000000000000;2.000000000000;1.000000000000;1.000000000000;1.000000000000;3.000000000000;2.000000000000;1.000000000000;1.000000000000;6.000000000000;2.000000000000;2.000000000000;2.000000000000;2.000000000000;2.000000000000;3.000000000000;2.000000000000;1.000000000000;1.000000000000;1.000000000000;1.000000000000;2.000000000000;2.000000000000;3.000000000000;3.000000000000;3.000000000000;1.000000000000;1.000000000000;1.000000000000;1.000000000000;3.000000000000;1.000000000000;1.000000000000;1.000000000000;2.000000000000;2.000000000000;2.000000000000;1.000000000000;1.000000000000;3.000000000000;1.000000000000;1.000000000000;1.000000000000;4.000000000000;4.000000000000;4.000000000000;4.000000000000;1.000000000000;4.000000000000;4.000000000000;5.000000000000;3.000000000000;5.000000000000;1.000000000000;1.000000000000;1.000000000000;1.000000000000;1.000000000000;1.000000000000;3.000000000000;2.000000000000;2.000000000000;3.000000000000;4.000000000000;4.000000000000;1.000000000000;3.000000000000;1.000000000000;1.000000000000;1.000000000000;1.000000000000;2.000000000000;1.000000000000;5.000000000000;4.000000000000;5.000000000000;4.000000000000
41.000000000000;2.000000000000;4.000000000000;1.000000000000;2.000000000000;3.000000000000;1.000000000000;7.000000000000;3.000000000000;2.000000000000;4.000000000000;2.000000000000;5.000000000000;4.000000000000;4.000000000000;5.000000000000;4.000000000000;4.000000000000;3.000000000000;3.000000000000;4.000000000000;4.000000000000;5.000000000000;4.000000000000;3.000000000000;3.000000000000;4.000000000000;3.000000000000;4.000000000000;5.000000000000;4.000000000000;4.000000000000;3.000000000000;4.000000000000;4.000000000000;3.000000000000;4.000000000000;4.000000000000;4.000000000000;4.000000000000;4.000000000000;3.000000000000;3.000000000000;4.000000000000;3.000000000000;3.000000000000;3.000000000000;4.000000000000;3.000000000000;4.000000000000;3.000000000000;3.000000000000;3.000000000000;4.000000000000;4.000000000000;4.000000000000;3.000000000000;3.000000000000;4.000000000000;4.000000000000;3.000000000000;4.000000000000;4.000000000000;4.000000000000;4.000000000000;3.000000000000;4.000000000000;4.000000000000;3.000000000000;3.000000000000;4.000000000000;4.000000000000;3.000000000000;5.000000000000;4.000000000000;3.000000000000;3.000000000000;4.000000000000
42.000000000000;1.000000000000;3.000000000000;1.000000000000;1.000000000000;4.000000000000;2.000000000000;3.000000000000;7.000000000000;2.000000000000;3.000000000000;2.000000000000;5.000000000000;4.000000000000;3.000000000000;4.000000000000;4.000000000000;4.000000000000;2.000000000000;2.000000000000;2.000000000000;2.000000000000;2.000000000000;3.000000000000;4.000000000000;2.000000000000;2.000000000000;4.000000000000;3.000000000000;3.000000000000;3.000000000000;4.000000000000;3.000000000000;3.000000000000;2.000000000000;3.000000000000;2.000000000000;3.000000000000;1.000000000000;2.000000000000;2.000000000000;2.000000000000;2.000000000000;3.000000000000;3.000000000000;4.000000000000;3.000000000000;5.000000000000;4.000000000000;4.000000000000;5.000000000000;4.000000000000;5.000000000000;5.000000000000;1.000000000000;1.000000000000;1.000000000000;1.000000000000;1.000000000000;4.000000000000;3.000000000000;3.000000000000;2.000000000000;1.000000000000;5.000000000000;3.000000000000;1.000000000000;3.000000000000;4.000000000000;2.000000000000;2.000000000000;2.000000000000;1.000000000000;4.000000000000;5.000000000000;5.000000000000;4.000000000000;5.000000000000
43.000000000000;2.000000000000;5.000000000000;1.000000000000;2.000000000000;3.000000000000;2.000000000000;5.000000000000;4.000000000000;2.000000000000;3.000000000000;3.000000000000;4.000000000000;4.000000000000;5.000000000000;4.000000000000;5.000000000000;4.000000000000;4.000000000000;4.000000000000;3.000000000000;4.000000000000;4.000000000000;5.000000000000;5.000000000000;4.000000000000;5.000000000000;5.000000000000;4.000000000000;4.000000000000;4.000000000000;5.000000000000;4.000000000000;5.000000000000;3.000000000000;4.000000000000;4.000000000000;4.000000000000;3.000000000000;3.000000000000;4.000000000000;3.000000000000;2.000000000000;4.000000000000;4.000000000000;4.000000000000;5.000000000000;5.000000000000;3.000000000000;4.000000000000;5.000000000000;4.000000000000;4.000000000000;5.000000000000;4.000000000000;3.000000000000;3.000000000000;3.000000000000;4.000000000000;3.000000000000;4.000000000000;4.000000000000;4.000000000000;4.000000000000;4.000000000000;4.000000000000;4.000000000000;4.000000000000;4.000000000000;4.000000000000;4.000000000000;4.000000000000;4.000000000000;4.000000000000;4.000000000000;5.000000000000;5.000000000000;5.000000000000
44.000000000000;2.000000000000;8.000000000000;4.000000000000;5.000000000000;3.000000000000;1.000000000000;8.000000000000;6.000000000000;2.000000000000;2.000000000000;3.000000000000;4.000000000000;4.000000000000;3.000000000000;4.000000000000;4.000000000000;4.000000000000;3.000000000000;3.000000000000;3.000000000000;3.000000000000;4.000000000000;3.000000000000;3.000000000000;3.000000000000;4.000000000000;2.000000000000;3.000000000000;4.000000000000;4.000000000000;4.000000000000;4.000000000000;2.000000000000;3.000000000000;3.000000000000;3.000000000000;3.000000000000;3.000000000000;4.000000000000;3.000000000000;4.000000000000;3.000000000000;4.000000000000;4.000000000000;4.000000000000;4.000000000000;4.000000000000;4.000000000000;4.000000000000;4.000000000000;4.000000000000;3.000000000000;4.000000000000;4.000000000000;4.000000000000;4.000000000000;4.000000000000;4.000000000000;4.000000000000;4.000000000000;3.000000000000;4.000000000000;4.000000000000;4.000000000000;4.000000000000;4.000000000000;5.000000000000;3.000000000000;3.000000000000;3.000000000000;4.000000000000;3.000000000000;4.000000000000;4.000000000000;4.000000000000;4.000000000000;4.000000000000
45.000000000000;1.000000000000;2.000000000000;1.000000000000;1.000000000000;3.000000000000;1.000000000000;3.000000000000;5.000000000000;1.000000000000;2.000000000000;2.000000000000;2.000000000000;2.000000000000;4.000000000000;4.000000000000;3.000000000000;5.000000000000;4.000000000000;4.000000000000;4.000000000000;4.000000000000;4.000000000000;4.000000000000;4.000000000000;4.000000000000;4.000000000000;4.000000000000;4.000000000000;4.000000000000;3.000000000000;4.000000000000;3.000000000000;3.000000000000;3.000000000000;4.000000000000;4.000000000000;4.000000000000;4.000000000000;4.000000000000;4.000000000000;4.000000000000;4.000000000000;4.000000000000;4.000000000000;4.000000000000;4.000000000000;4.000000000000;4.000000000000;4.000000000000;4.000000000000;4.000000000000;4.000000000000;4.000000000000;4.000000000000;4.000000000000;4.000000000000;4.000000000000;4.000000000000;4.000000000000;4.000000000000;4.000000000000;3.000000000000;4.000000000000;;3.000000000000;4.000000000000;4.000000000000;3.000000000000;4.000000000000;4.000000000000;4.000000000000;4.000000000000;4.000000000000;4.000000000000;4.000000000000;4.000000000000;4.000000000000
46.000000000000;2.000000000000;1.000000000000;1.000000000000;1.000000000000;1.000000000000;2.000000000000;2.000000000000;1.000000000000;1.000000000000;2.000000000000;3.000000000000;4.000000000000;2.000000000000;4.000000000000;2.000000000000;2.000000000000;5.000000000000;4.000000000000;4.000000000000;4.000000000000;5.000000000000;5.000000000000;5.000000000000;4.000000000000;5.000000000000;4.000000000000;4.000000000000;4.000000000000;4.000000000000;5.000000000000;5.000000000000;5.000000000000;4.000000000000;4.000000000000;4.000000000000;4.000000000000;5.000000000000;4.000000000000;5.000000000000;5.000000000000;4.000000000000;5.000000000000;4.000000000000;4.000000000000;4.000000000000;4.000000000000;5.000000000000;5.000000000000;5.000000000000;5.000000000000;5.000000000000;4.000000000000;4.000000000000;5.000000000000;5.000000000000;5.000000000000;5.000000000000;5.000000000000;4.000000000000;4.000000000000;4.000000000000;5.000000000000;4.000000000000;5.000000000000;5.000000000000;4.000000000000;5.000000000000;4.000000000000;5.000000000000;5.000000000000;4.000000000000;4.000000000000;4.000000000000;4.000000000000;4.000000000000;5.000000000000;5.000000000000
47.000000000000;1.000000000000;4.000000000000;1.000000000000;1.000000000000;1.000000000000;3.000000000000;5.000000000000;1.000000000000;4.000000000000;2.000000000000;3.000000000000;3.000000000000;4.000000000000;3.000000000000;4.000000000000;4.000000000000;4.000000000000;4.000000000000;4.000000000000;5.000000000000;4.000000000000;4.000000000000;4.000000000000;3.000000000000;3.000000000000;3.000000000000;4.000000000000;4.000000000000;4.000000000000;4.000000000000;4.000000000000;4.000000000000;4.000000000000;3.000000000000;3.000000000000;3.000000000000;4.000000000000;5.000000000000;4.000000000000;4.000000000000;4.000000000000;3.000000000000;4.000000000000;3.000000000000;3.000000000000;5.000000000000;5.000000000000;4.000000000000;3.000000000000;4.000000000000;4.000000000000;4.000000000000;5.000000000000;3.000000000000;3.000000000000;4.000000000000;3.000000000000;3.000000000000;3.000000000000;4.000000000000;4.000000000000;4.000000000000;4.000000000000;4.000000000000;4.000000000000;4.000000000000;4.000000000000;4.000000000000;4.000000000000;4.000000000000;4.000000000000;4.000000000000;4.000000000000;4.000000000000;4.000000000000;4.000000000000;4.000000000000
48.000000000000;2.000000000000;3.000000000000;2.000000000000;2.000000000000;3.000000000000;1.000000000000;3.000000000000;2.000000000000;2.000000000000;4.000000000000;4.000000000000;5.000000000000;5.000000000000;5.000000000000;5.000000000000;5.000000000000;5.000000000000;5.000000000000;5.000000000000;5.000000000000;3.000000000000;5.000000000000;3.000000000000;3.000000000000;3.000000000000;3.000000000000;4.000000000000;3.000000000000;4.000000000000;4.000000000000;3.000000000000;4.000000000000;4.000000000000;3.000000000000;3.000000000000;3.000000000000;3.000000000000;3.000000000000;4.000000000000;3.000000000000;3.000000000000;3.000000000000;5.000000000000;5.000000000000;4.000000000000;5.000000000000;4.000000000000;4.000000000000;4.000000000000;4.000000000000;4.000000000000;4.000000000000;5.000000000000;5.000000000000;3.000000000000;3.000000000000;1.000000000000;3.000000000000;4.000000000000;4.000000000000;4.000000000000;2.000000000000;3.000000000000;5.000000000000;4.000000000000;2.000000000000;5.000000000000;4.000000000000;3.000000000000;3.000000000000;3.000000000000;3.000000000000;5.000000000000;5.000000000000;5.000000000000;4.000000000000;4.000000000000
49.000000000000;2.000000000000;4.000000000000;2.000000000000;1.000000000000;3.000000000000;2.000000000000;4.000000000000;3.000000000000;2.000000000000;4.000000000000;2.000000000000;4.000000000000;3.000000000000;3.000000000000;3.000000000000;3.000000000000;4.000000000000;1.000000000000;2.000000000000;1.000000000000;1.000000000000;1.000000000000;3.000000000000;3.000000000000;3.000000000000;2.000000000000;3.000000000000;2.000000000000;1.000000000000;1.000000000000;2.000000000000;1.000000000000;1.000000000000;2.000000000000;1.000000000000;1.000000000000;1.000000000000;1.000000000000;1.000000000000;1.000000000000;1.000000000000;1.000000000000;2.000000000000;1.000000000000;2.000000000000;1.000000000000;3.000000000000;1.000000000000;2.000000000000;3.000000000000;3.000000000000;3.000000000000;2.000000000000;2.000000000000;1.000000000000;2.000000000000;1.000000000000;5.000000000000;1.000000000000;1.000000000000;1.000000000000;1.000000000000;1.000000000000;2.000000000000;1.000000000000;1.000000000000;1.000000000000;2.000000000000;1.000000000000;1.000000000000;2.000000000000;1.000000000000;3.000000000000;3.000000000000;3.000000000000;3.000000000000;3.000000000000
50.000000000000;1.000000000000;4.000000000000;10.000000000000;8.000000000000;3.000000000000;1.000000000000;3.000000000000;6.000000000000;1.000000000000;3.000000000000;3.000000000000;5.000000000000;5.000000000000;4.000000000000;4.000000000000;5.000000000000;5.000000000000;5.000000000000;5.000000000000;5.000000000000;4.000000000000;4.000000000000;4.000000000000;4.000000000000;5.000000000000;5.000000000000;4.000000000000;4.000000000000;4.000000000000;4.000000000000;4.000000000000;3.000000000000;4.000000000000;4.000000000000;4.000000000000;3.000000000000;3.000000000000;3.000000000000;3.000000000000;4.000000000000;3.000000000000;4.000000000000;4.000000000000;4.000000000000;4.000000000000;3.000000000000;3.000000000000;4.000000000000;4.000000000000;4.000000000000;5.000000000000;4.000000000000;5.000000000000;4.000000000000;3.000000000000;4.000000000000;3.000000000000;4.000000000000;4.000000000000;4.000000000000;3.000000000000;3.000000000000;3.000000000000;4.000000000000;4.000000000000;4.000000000000;4.000000000000;4.000000000000;4.000000000000;4.000000000000;4.000000000000;4.000000000000;4.000000000000;4.000000000000;4.000000000000;4.000000000000;4.000000000000
51.000000000000;1.000000000000;5.000000000000;10.000000000000;1.000000000000;3.000000000000;;6.000000000000;3.000000000000;2.000000000000;6.000000000000;2.000000000000;4.000000000000;4.000000000000;4.000000000000;4.000000000000;4.000000000000;5.000000000000;5.000000000000;4.000000000000;4.000000000000;3.000000000000;4.000000000000;5.000000000000;5.000000000000;1.000000000000;4.000000000000;4.000000000000;4.000000000000;4.000000000000;4.000000000000;3.000000000000;4.000000000000;4.000000000000;3.000000000000;3.000000000000;3.000000000000;2.000000000000;3.000000000000;4.000000000000;4.000000000000;4.000000000000;4.000000000000;4.000000000000;4.000000000000;4.000000000000;5.000000000000;4.000000000000;3.000000000000;4.000000000000;4.000000000000;3.000000000000;3.000000000000;4.000000000000;1.000000000000;1.000000000000;3.000000000000;1.000000000000;4.000000000000;2.000000000000;4.000000000000;3.000000000000;2.000000000000;2.000000000000;4.000000000000;3.000000000000;4.000000000000;4.000000000000;3.000000000000;2.000000000000;2.000000000000;1.000000000000;2.000000000000;5.000000000000;5.000000000000;5.000000000000;4.000000000000;5.000000000000
52.000000000000;2.000000000000;1.000000000000;1.000000000000;1.000000000000;3.000000000000;3.000000000000;2.000000000000;3.000000000000;2.000000000000;2.000000000000;2.000000000000;3.000000000000;3.000000000000;4.000000000000;3.000000000000;2.000000000000;3.000000000000;3.000000000000;2.000000000000;2.000000000000;2.000000000000;3.000000000000;2.000000000000;3.000000000000;3.000000000000;2.000000000000;3.000000000000;3.000000000000;3.000000000000;3.000000000000;3.000000000000;3.000000000000;3.000000000000;3.000000000000;3.000000000000;3.000000000000;3.000000000000;3.000000000000;3.000000000000;3.000000000000;3.000000000000;;2.000000000000;3.000000000000;3.000000000000;3.000000000000;3.000000000000;3.000000000000;3.000000000000;3.000000000000;3.000000000000;3.000000000000;3.000000000000;3.000000000000;3.000000000000;3.000000000000;3.000000000000;3.000000000000;3.000000000000;3.000000000000;3.000000000000;3.000000000000;3.000000000000;3.000000000000;3.000000000000;3.000000000000;3.000000000000;3.000000000000;3.000000000000;3.000000000000;3.000000000000;3.000000000000;3.000000000000;3.000000000000;3.000000000000;3.000000000000;3.000000000000
